-6890
6305
4079
-2025
4014
7460
9195
-5508
3627
9232
-8284
-7303
-4041
8307
3160
563
-2614
-8478
4563
1183
1393
1687
-4076
-2615
-9819
-1352
1469
-16
1453
6962
1799
2730
5474
9120
2303
-2506
656
-386
7535
2360
-2782
5767
8850
-2459
-5588
-3866
6658
4959
5823
4941
-3428
-4892
-8791
-5590
802
-9469
-3539
-6617
-3815
-9677
-6737
9277
-4093
1392
4014
-1615
7755
-8637
-8418
1912
8798
-9412
6245
2396
-6273
-1063
4551
1544
7340
7299
-7173
8389
5180
-1521
-7069
5315
-6938
-3874
-873
-1373
-9583
-3531
-7524
8668
9302
-5577
79
-1748
-9136
-243